24355779992435577999
01444567660120956789
09506501646235489513
95654106981065978937
12292853953712701287
29481047223175329209
24355779992435577999
01444567660120956789
09506501646235489513
95654106981065978937
12292853953712701287
29481047223175329209
24355779992435577999
01444567660120956789
09506501646235489513
95654106981065978937
12292853953712701287
29481047223175329209
24355779992435577999
01444567660120956789
09506501646235489513
95654106981065978937
12292853953712701287
29481047223175329209
24355779992435577999
01444567660120956789
09506501646235489513
95654106981065978937
12292853953712701287
29481047223175329209
24355779992435577999
01444567660120956789
09506501646235489513
95654106981065978937
12292853953712701287
29481047223175329209
24355779992435577999
01444567660120956789
09506501646235489513
95654106981065978937
12292853953712701287
29481047223175329209
24355779992435577999
01444567660120956789
09506501646235489513
95654106981065978937
12292853953712701287
29481047223175329209
24355779992435577999
01444567660120956789
09506501646235489513
95654106981065978937
12292853953712701287
29481047223175329209
24355779992435577999
01444567660120956789
09506501646235489513
95654106981065978937
12292853953712701287
29481047223175329209
24355779992435577999
01444567660120956789
09506501646235489513
95654106981065978937
12292853953712701287
29481047223175329209
24355779992435577999
01444567660120956789
09506501646235489513
95654106981065978937
12292853953712701287
29481047223175329209
24355779992435577999
01444567660120956789
09506501646235489513
95654106981065978937
12292853953712701287
29481047223175329209
24355779992435577999
01444567660120956789
09506501646235489513
95654106981065978937
12292853953712701287
29481047223175329209
24355779992435577999
01444567660120956789
09506501646235489513
95654106981065978937
12292853953712701287
29481047223175329209
24355779992435577999
01444567660120956789
09506501646235489513
95654106981065978937
12292853953712701287
29481047223175329209
24355779992435577999
01444567660120956789
09506501646235489513
95654106981065978937
12292853953712701287
29481047223175329209
24355779992435577999
01444567660120956789
09506501646235489513
95654106981065978937
12292853953712701287
29481047223175329209
24355779992435577999
01444567660120956789
09506501646235489513
95654106981065978937
12292853953712701287
29481047223175329209
24355779992435577999
01444567660120956789
09506501646235489513
95654106981065978937
12292853953712701287
29481047223175329209
24355779992435577999
01444567660120956789
09506501646235489513
95654106981065978937
12292853953712701287
29481047223175329209
24355779992435577999
01444567660120956789
09506501646235489513
95654106981065978937
12292853953712701287
29481047223175329209
24355779992435577999
01444567660120956789
09506501646235489513
95654106981065978937
12292853953712701287
29481047223175329209
24355779992435577999
01444567660120956789
09506501646235489513
95654106981065978937
12292853953712701287
29481047223175329209
24355779992435577999
01444567660120956789
09506501646235489513
95654106981065978937
12292853953712701287
29481047223175329209
